WE HAVE TOKENIZER
loaded tokenizer
<sentencepiece.SentencePieceProcessor; proxy of <Swig Object of type 'sentencepiece::SentencePieceProcessor *' at 0x748d149b9d70> >
DONE
TINYSTORIES DATASET LOADED...
10.549697875976562
10.493000984191895
10.585926055908203
10.098112106323242
10.286437034606934
10.19146728515625
9.96568489074707
9.944920539855957
9.929610252380371
9.673789024353027
9.69948673248291
9.720490455627441
9.340091705322266
9.197415351867676
9.457732200622559
8.781213760375977
8.930276870727539
9.035274505615234
8.765932083129883
8.809484481811523
8.725372314453125
8.620760917663574
8.454222679138184
8.525404930114746
8.179411888122559
8.303289413452148
8.245059967041016
8.004505157470703
8.179770469665527
8.092350006103516
7.860829830169678
7.746504306793213
8.187135696411133
7.746792793273926
7.494434833526611
7.6387224197387695
7.636358737945557
7.268989562988281
7.118847846984863
6.874836444854736
7.324235916137695
7.149158954620361
7.133904457092285
7.3949408531188965
7.079442024230957
6.93334436416626
7.0579514503479
6.890356063842773
7.113354682922363
7.020925045013428
6.7460246086120605
7.015003681182861
6.496211051940918
6.929314613342285
6.84783411026001
6.840731620788574
6.370718479156494
6.409419536590576
6.593061447143555
6.816131114959717
6.538314342498779
6.147246837615967
6.357828140258789
6.373800754547119
6.658745288848877
6.425856590270996
6.496081829071045
6.501206874847412
6.652286052703857
6.700118541717529
6.635918140411377
6.400546073913574
6.547975540161133
6.517422199249268
6.453372955322266
6.316092014312744
6.285976886749268
6.023532867431641
6.1657819747924805
6.539609909057617
6.581050395965576
6.7370429039001465
6.31850004196167
6.343084812164307
6.557887077331543
5.959261417388916
6.017026424407959
6.184752941131592
6.1545538902282715
6.330475330352783
6.284036159515381
6.297818660736084
6.12890625
6.522207260131836
6.6817474365234375
6.5305094718933105
6.693120002746582
6.785014629364014
6.479013442993164
6.336435317993164
6.7384867668151855
6.308054447174072
6.575007438659668
6.584155082702637
6.599788188934326
6.52269172668457
6.355587005615234
6.463054656982422
6.712982654571533
6.278702735900879
6.376578330993652
6.244032382965088
6.001949787139893
6.54301118850708
6.139405250549316
6.075689315795898
6.75711727142334
6.191470146179199
6.297115802764893
6.805000305175781
6.318623065948486
6.30738639831543
5.9217963218688965
5.935673236846924
6.272533416748047
6.151855945587158
6.292899131774902
6.247692108154297
5.857949733734131
6.890063285827637
6.497135639190674
6.253157138824463
6.398797988891602
6.171782493591309
6.255147933959961
6.225121974945068
6.516650676727295
6.128936290740967
6.533063888549805
6.645295143127441
6.687832355499268
6.890310764312744
6.240806579589844
6.429741859436035
6.3901262283325195
6.8963189125061035
6.894887924194336
6.482706546783447
6.735678672790527
6.503788948059082
6.1683526039123535
6.291749954223633
6.257422924041748
6.24257230758667
6.190898895263672
6.299439430236816
6.19987154006958
7.22203254699707
6.337301731109619
6.452821731567383
6.300492763519287
6.575725555419922
6.738399505615234
6.287117958068848
5.900442600250244
6.394949913024902
6.185644626617432
5.978105545043945
6.1824469566345215
6.931093692779541
6.234069347381592
5.744254112243652
6.254464149475098
6.556253433227539
6.195096015930176
6.190644264221191
6.854715824127197
6.278053283691406
6.172689914703369
6.182519435882568
6.348286151885986
6.389726161956787
6.3074517250061035
6.141493320465088
6.792591571807861
6.762605667114258
6.320394992828369
6.394540309906006
6.046531677246094
6.220125675201416
5.926590919494629
6.286111831665039
6.628392219543457
6.08962345123291
6.090544700622559
6.332547187805176
6.318821907043457
6.590275764465332
6.368618965148926
6.192577362060547
6.026931285858154
6.054498672485352
6.22534704208374
6.079415798187256
6.345216274261475
6.656761646270752
6.761441230773926
6.292125225067139
6.092859268188477
6.49245023727417
6.088139533996582
6.570720195770264
6.155928134918213
6.23823356628418
6.255758285522461
6.659922122955322
6.781960964202881
6.706555366516113
6.714613914489746
6.917715549468994
6.096246719360352
6.315103530883789
6.214257717132568
6.294437408447266
6.207254409790039
6.245017051696777
6.2192277908325195
6.459228515625
6.276134967803955
6.350903511047363
6.3223490715026855
6.570927619934082
6.072790145874023
5.9018874168396
6.534661769866943
6.28223991394043
6.487761974334717
6.0094404220581055
6.2924089431762695
6.048673152923584
6.194203853607178
5.645142555236816
5.9825286865234375
6.1591596603393555
5.838810920715332
5.963287353515625
5.987874507904053
6.7868852615356445
6.37772274017334
6.142248153686523
6.892997741699219
5.914128303527832
5.795047283172607
6.163901329040527
6.3495097160339355
5.833922386169434
6.1042160987854
6.613386154174805
6.22036600112915
6.456409454345703
5.8369317054748535
6.096142292022705
6.577470779418945
6.4705119132995605
6.59884786605835
6.18345308303833
6.137104034423828
6.402968883514404
6.433903694152832
6.228752613067627
6.562244892120361
6.759591579437256
6.278255462646484
6.262336730957031
6.248666763305664
5.8113579750061035
5.970226287841797
5.8420610427856445
5.890300273895264
6.592325687408447
6.244297981262207
6.165528297424316
5.793859958648682
6.2607421875
6.017998218536377
6.285643100738525
6.309714317321777
6.09729528427124
6.454045295715332
6.411160469055176
6.128880023956299
6.331861972808838
5.873198986053467
5.677570343017578
6.085458755493164
6.103320598602295
6.314606666564941
6.2521233558654785
5.840773105621338
6.404348373413086
6.182473659515381
6.171080112457275
5.969558238983154
6.156008243560791
6.170402526855469
5.930915355682373
6.13197135925293
6.037001132965088
6.218782901763916
6.02012825012207
5.874505043029785
6.794951438903809
6.385891437530518
5.98428201675415
6.304280757904053
6.47289514541626
6.248403549194336
6.410906791687012
5.744556903839111
6.33170223236084
6.146296501159668
6.249907493591309
6.138845443725586
5.948163032531738
5.882735252380371
6.621170520782471
5.62332010269165
5.872854709625244
6.149908542633057
5.995892524719238
6.3934326171875
6.147130012512207
5.833370208740234
6.317843437194824
6.479374885559082
6.509289264678955
6.33255672454834
6.582774639129639
6.516107559204102
6.127792835235596
6.143250942230225
6.158573627471924
6.153370380401611
6.199600696563721
6.543829441070557
6.449437141418457
6.313971042633057
5.927401065826416
5.931074619293213
6.343656539916992
6.421710014343262
5.894728660583496
6.517927169799805
6.1382646560668945
6.1288981437683105
6.3119707107543945
6.527944087982178
6.3101420402526855
5.936154365539551
5.828974723815918
6.403423309326172
6.276315689086914
6.3481831550598145
6.219481945037842
6.139407157897949
6.483110427856445
5.893608570098877
6.020846366882324
6.064891815185547
5.935985088348389
6.220921516418457
6.340627670288086
6.5284104347229
6.477236747741699
5.91679048538208
5.973770618438721
5.996131896972656
6.173505783081055
5.996123313903809
6.5943922996521
6.455873012542725
6.278561115264893
6.398464679718018
6.322105407714844
6.048314094543457
5.953396797180176
5.802943706512451
5.8383283615112305
5.887668132781982
5.964019775390625
6.004371166229248
6.010934829711914
6.787484169006348
6.250923156738281
6.320586204528809
5.9856438636779785
6.324709415435791
6.192649841308594
6.271073818206787
6.355641841888428
6.242428779602051
5.97840690612793
6.46552848815918
6.161609649658203
6.1578240394592285
6.013094425201416
6.134050369262695
6.425050258636475
5.865472793579102
6.08917760848999
6.506963729858398
5.829638957977295
6.309187889099121
5.972743034362793
5.977818965911865
6.316746234893799
5.903772354125977
5.842869281768799
6.017797946929932
6.36575174331665
6.492769718170166
6.49363374710083
6.500429630279541
6.005246639251709
6.072181224822998
6.123218059539795
6.281678199768066
6.379552841186523
6.14031457901001
6.040590763092041
5.588827133178711
6.1029582023620605
6.019560813903809
6.210043907165527
5.970030784606934
5.759212970733643
6.029571533203125
5.977700233459473
5.789520740509033
5.935877799987793
5.969606876373291
6.648876190185547
6.5287981033325195
6.414700508117676
6.101202964782715
5.9500412940979
6.274718761444092
6.326450824737549
6.079167366027832
5.937566757202148
6.431650161743164
6.441899299621582
6.191196918487549
6.088483810424805
5.925168991088867
5.783356666564941
6.21040678024292
6.482504367828369
6.592106342315674
6.523539066314697
6.439807415008545
5.956872940063477
5.945444583892822
5.915564060211182
6.139732837677002
5.972247123718262
6.1702375411987305
5.8147292137146
6.204959869384766
6.099989891052246
6.181112289428711
6.235708713531494
5.933018207550049
6.278595447540283
6.382332801818848
6.032241344451904
5.975168704986572
6.176604747772217
5.897366046905518
6.121977806091309
6.197767734527588
6.642329216003418
6.272998332977295
6.208008289337158
6.569979190826416
6.359708309173584
6.5219221115112305
6.224686622619629
6.193989276885986
6.066126823425293
6.619811534881592
6.103858470916748
6.401092529296875
5.723786354064941
6.4054670333862305
5.767130374908447
6.1403374671936035
5.763929843902588
5.820018291473389
5.679625988006592
6.084591388702393
6.514837265014648
6.252065181732178
6.286713123321533
5.955577850341797
6.77579402923584
6.2369279861450195
6.054145336151123
6.582411289215088
6.01062536239624
6.009527683258057
6.060342788696289
6.546102046966553
6.067880630493164
6.128972053527832
6.0709004402160645
6.209531307220459
6.396812438964844
5.949638843536377
6.123485088348389
5.953071594238281
6.42145299911499
5.648952007293701
6.251277446746826
5.935347557067871
6.502933979034424
6.4043474197387695
6.586614608764648
6.277486801147461
6.102088451385498
6.274222373962402
6.156579971313477
6.269456386566162
6.356530666351318
6.344727039337158
6.083558559417725
5.855047702789307
6.19216775894165
6.278415203094482
6.685450553894043
6.491935729980469
5.728229522705078
5.955336570739746
6.1909308433532715
6.186297416687012
6.18159818649292
6.288967609405518
6.097504615783691
7.129867076873779
6.4984354972839355
6.117899417877197
5.941407680511475
6.000400543212891
5.758511066436768
6.216776371002197
5.901547908782959
6.133539199829102
6.1295318603515625
5.862015724182129
6.284932613372803
6.157777309417725
5.955267906188965
6.21095609664917
6.6065545082092285
6.287803649902344
6.1594929695129395
6.365076065063477
6.0299272537231445
5.8381757736206055
6.370890140533447
6.6740617752075195
6.137448787689209
6.262335777282715
6.437386989593506
6.379704475402832
6.363320350646973
6.261363983154297
6.157248020172119
6.234339714050293
6.476506233215332
6.339712619781494
6.334291458129883
6.227890491485596
6.329769134521484
6.064260482788086
6.103215217590332
6.425896167755127
6.426301002502441
5.968865394592285
5.868279457092285
6.207010746002197
5.8543877601623535
5.881173133850098
6.101959705352783
6.057903289794922
6.431987285614014
6.394320011138916
5.989264965057373
6.237738609313965
6.413944244384766
6.2314910888671875
6.161643028259277
6.490962505340576
6.214280605316162
6.12049674987793
6.005667686462402
6.139927864074707
6.07449197769165
6.582401275634766
6.215027809143066
6.541435241699219
6.1917619705200195
6.06385612487793
6.444577693939209
6.161050796508789
5.99302864074707
6.194859981536865
6.071455478668213
6.194264888763428
6.814496040344238
6.576234340667725
6.689505577087402
6.556224822998047
6.0125627517700195
6.4505486488342285
6.284770965576172
6.376845836639404
6.043011665344238
6.4119791984558105
6.282693862915039
5.844723224639893
5.845515727996826
6.5178542137146
6.349925994873047
6.306625843048096
6.081117630004883
5.7527875900268555
6.190287113189697
6.394078254699707
6.20620059967041
6.30174446105957
6.375306129455566
6.4173712730407715
6.164453506469727
5.691290855407715
5.784559726715088
6.051732540130615
5.7003326416015625
6.0924458503723145
6.600757598876953
6.364345550537109
6.175304889678955
5.920379638671875
6.406221866607666
6.21446418762207
6.092677593231201
6.232448577880859
6.672643661499023
6.499099254608154
6.440019607543945
6.29135274887085
6.494007110595703
6.215612888336182
6.155717372894287
6.2396674156188965
6.028400897979736
5.811788082122803
6.26086950302124
6.412261009216309
6.079755783081055
6.346515655517578
6.087077617645264
6.004647731781006
6.159793853759766
6.346828937530518
5.711482524871826
5.957283973693848
6.114816188812256
6.291411876678467
6.089136123657227
6.165090084075928
6.431485652923584
6.282150745391846
5.999619960784912
6.021523475646973
6.308594703674316
6.126376152038574
5.729922294616699
5.8229780197143555
6.352778911590576
6.148795127868652
6.4250407218933105
6.40977144241333
6.116584777832031
6.112565040588379
5.953898906707764
6.157999038696289
6.172637462615967
6.496676921844482
6.346882343292236
6.066441535949707
6.1422014236450195
6.220066070556641
6.111769199371338
6.171442985534668
6.215977668762207
5.799351692199707
6.668661594390869
6.27276086807251
5.943352699279785
6.285129547119141
6.465198516845703
6.599481582641602
5.9242329597473145
5.781970024108887
6.121189594268799
6.100360870361328
6.420689105987549
6.164239883422852
6.324158191680908
6.30338716506958
6.234823703765869
7.31843376159668
6.745229244232178
6.249571323394775
5.95002555847168
6.390257358551025
6.482635021209717
5.9976959228515625
6.502782821655273
6.533891677856445
6.468057632446289
6.660763263702393
6.443362236022949
6.406769752502441
6.231080532073975
6.123984336853027
5.923248767852783
6.269783020019531
5.802333831787109
6.208012580871582
5.992746353149414
5.629910945892334
5.690535068511963
5.8935627937316895
6.33530855178833
6.383322238922119
6.375834941864014
5.979426860809326
6.410882949829102
6.402791976928711
6.354031085968018
6.145918846130371
6.4403791427612305
6.160534858703613
6.0602030754089355
5.935784339904785
6.479477405548096
5.884908199310303
5.953502178192139
6.427089214324951
6.29715633392334
6.552182674407959
6.338141441345215
6.215720176696777
6.2656025886535645
5.668152332305908
5.850883483886719
5.8308186531066895
5.785712718963623
5.822949409484863
6.348587989807129
6.057079792022705
5.966275691986084
6.280059337615967
6.213080883026123
6.492019176483154
6.018185138702393
6.718522071838379
6.311001777648926
5.603867530822754
6.242197036743164
6.564895153045654
6.542021751403809
5.996607780456543
6.291512966156006
6.329596996307373
5.964603900909424
6.183438301086426
6.092026710510254
6.139705657958984
6.389458179473877
6.528783798217773
6.357250213623047
6.151640892028809
5.700276851654053
5.927809715270996
6.2180376052856445
6.153548240661621
5.973849296569824
6.0238823890686035
5.767829895019531
6.689311504364014
5.974863529205322
6.372653961181641
6.364359378814697
6.698886871337891
5.766826629638672
6.093892574310303
6.140119552612305
6.048159599304199
5.886487007141113
6.032403945922852
6.313424110412598
6.409952163696289
6.392575740814209
6.314273357391357
6.172889232635498
6.36133337020874
6.5374627113342285
6.106719017028809
6.278627395629883
6.167341232299805
5.991407871246338
6.053555965423584
6.107285976409912
6.132996559143066
6.267921447753906
6.260335922241211
6.152303218841553
6.05621862411499
6.073974132537842
6.210107803344727
6.216818809509277
6.0906219482421875
5.776130676269531
6.202531814575195
5.923384666442871
5.880365371704102
6.038393497467041
6.090850830078125
6.051743984222412
6.2298126220703125
6.2548089027404785
6.311811923980713
6.3579583168029785
6.069510459899902
5.722726821899414
6.114192962646484
6.329987049102783
5.959006309509277
6.129816055297852
5.927340030670166
6.542418003082275
5.846301078796387
6.184706211090088
6.242492198944092
5.917463779449463
6.1885504722595215
6.102555751800537
6.144399166107178
6.325442314147949
5.833950519561768
5.730891227722168
6.432167053222656
6.434256076812744
6.562313079833984
6.272982120513916
6.138784885406494
6.181240558624268
6.335953712463379
6.083221912384033
6.451968193054199
5.9682440757751465
5.752289772033691
5.984825134277344
6.016456604003906
5.773176670074463
5.9426140785217285
6.1701130867004395
6.243223190307617
5.798892021179199
6.171207904815674
5.785165786743164
6.273007869720459
6.201910972595215
6.347492218017578
6.29267692565918
6.367098808288574
6.4148712158203125
5.932321548461914
6.082616806030273
5.9146294593811035
6.219079494476318
6.104386329650879
6.251971244812012
6.256175994873047
6.220930099487305
6.452676773071289
6.005167484283447
6.010347843170166
6.297818660736084
6.541365146636963
6.481417179107666
6.32431173324585
6.397229194641113
6.101110935211182
5.803093433380127
6.243538856506348
6.168805122375488
6.094339370727539
6.223331451416016
6.271708011627197
6.411111831665039
6.121607303619385
6.04517936706543
5.938982963562012
6.271342754364014
6.39714241027832
6.094762802124023
5.783449172973633
6.413672924041748
6.034854888916016
6.162230491638184
6.320176124572754
5.649425029754639
5.748464584350586
5.66062068939209
5.751967430114746
5.93350887298584
6.424340724945068
6.685910701751709
6.4075541496276855
6.04599142074585
5.946732997894287
6.233761787414551
5.738481521606445
5.980436325073242
6.26861047744751
6.119212627410889
6.570526599884033
6.560766220092773
6.222064018249512
6.143962860107422
6.252010345458984
6.090998649597168
6.201746463775635
6.0800933837890625
5.976944446563721
5.6765875816345215
6.775773525238037
6.1888298988342285
6.19179630279541
5.7065300941467285
6.582076549530029
6.2728142738342285
6.157654285430908
6.175963878631592
6.034066200256348
6.268446445465088
6.456976890563965
6.162778377532959
5.913000106811523
6.298972129821777
6.162912845611572
6.054282188415527
6.14304780960083
6.210000038146973
5.969175338745117
5.776629447937012
6.266287326812744
6.240705966949463
5.958500862121582
6.1531805992126465
5.969727516174316
6.287809371948242
6.094110012054443
5.971238136291504
5.902163028717041
6.311402797698975
5.90567684173584
5.913206100463867
6.30536413192749
6.261541366577148
6.334157943725586
5.998623847961426
6.250783920288086
5.839111328125
5.897724151611328
5.773713111877441
5.806977272033691
6.457098960876465
6.429996013641357
6.4354729652404785
6.352199554443359
6.240842342376709
6.253221035003662
5.905527591705322
6.115940093994141
6.476326942443848
6.476642608642578
6.287182331085205
6.1659135818481445
6.175341606140137
6.143723487854004
5.9558610916137695
5.894545555114746
6.381954193115234
6.436390399932861
5.886472702026367
6.080730438232422
6.071489334106445
5.860564708709717
6.298822402954102
5.630169868469238
6.346127033233643
6.520488262176514
6.1066789627075195
6.351196765899658
6.218314170837402
5.9446282386779785
6.419090270996094
6.446106433868408
6.058548927307129
6.13532829284668
6.41349983215332
6.634698390960693
6.159371376037598
5.963537693023682
5.8318610191345215
6.460701942443848
6.466108798980713
6.636043548583984
6.456699848175049
5.98679256439209
5.907050132751465
6.01269006729126
6.127151966094971
6.415716171264648
6.002044677734375
5.902368068695068
6.093285083770752
6.166632175445557
6.3749003410339355
6.179632663726807
6.030440330505371
6.295986175537109
6.009435176849365
6.250212669372559
6.1530985832214355
5.830252647399902
5.99125337600708
6.332154273986816
6.056890487670898
6.17503547668457
5.923672199249268
6.107029438018799
6.047142505645752
6.137600421905518
6.08629035949707
6.166385650634766
5.974573135375977
6.262182235717773
6.432498455047607
6.011382102966309
6.112857818603516
6.4529008865356445
6.192041397094727
5.89186429977417
5.984225749969482
6.316147327423096
6.007006645202637
6.140445709228516
5.973748683929443
6.060901165008545
5.946796417236328
6.494528293609619
5.851064682006836
6.1877007484436035
6.109396934509277
6.299665927886963
6.402059078216553
6.322961807250977
6.0639801025390625
6.092562198638916
5.989343643188477
5.994129180908203
6.222456455230713
6.668362617492676
6.735615253448486
6.6242594718933105
6.131720066070557
6.395664215087891
6.186620712280273
6.130757808685303
6.00130033493042
6.117526531219482
6.115419864654541
6.2267584800720215
5.813684463500977
6.27554178237915
6.412693500518799
6.329841613769531
6.518782138824463
6.3360371589660645
6.0917205810546875
5.76207160949707
6.24046516418457
6.400486946105957
6.324714660644531
5.827585697174072
5.9329118728637695
5.7741169929504395
5.976493835449219
6.381721496582031
6.053272247314453
6.177209377288818
6.216871738433838
6.5287861824035645
6.082132816314697
6.004107475280762
5.964754581451416
6.060103893280029
6.2678422927856445
6.389069080352783
6.235897541046143
5.9214253425598145
6.461277008056641
6.048957824707031
5.892677307128906
6.128471851348877
6.092138767242432
6.116935729980469
5.879520893096924
5.917882442474365
6.010770797729492
6.449705600738525
6.254974842071533
6.284979820251465
6.237356185913086
6.411126136779785
6.540069580078125
6.041350364685059
6.208961486816406
6.078208923339844
5.7903733253479
6.052311420440674
6.1993279457092285
6.109105587005615
6.006659507751465
6.48715353012085
6.351157188415527
6.236173629760742
6.303095817565918
6.346512794494629
6.263321876525879
6.230109214782715
6.071974754333496
5.88012170791626
6.348224639892578
6.506561279296875
6.402860164642334
6.493475914001465
6.659175395965576
6.296959400177002
6.183660984039307
5.997188568115234
5.8902387619018555
5.840369701385498
6.020350456237793
5.6194682121276855
6.166716575622559
5.877548694610596
6.171014308929443
6.149213790893555
6.1640095710754395
6.166015148162842
6.423707008361816
5.823243141174316
5.859255313873291
5.973119258880615
6.102298259735107
6.088761329650879
6.0706787109375
6.158925533294678
6.237823486328125
6.443991184234619
6.234941482543945
6.410711288452148
6.112053871154785
6.193680286407471
5.951801300048828
6.2661824226379395
5.869271755218506
6.239532470703125
6.270004749298096
6.2195940017700195
5.974655628204346
6.551788330078125
5.982053279876709
6.372322082519531
6.201597213745117
6.676688194274902
6.370022296905518
5.74282693862915
5.84909200668335
5.972872734069824
6.166061878204346
6.193136215209961
6.086704730987549
6.079634666442871
6.189627647399902
6.357532024383545
6.338608264923096
6.131566524505615
6.150864601135254
6.161683082580566
6.031693935394287
5.901234149932861
6.218780517578125
6.311574459075928
6.074277400970459
6.375687599182129
6.538979530334473
6.133248329162598
6.040156841278076
6.199331760406494
6.0688157081604
6.395523548126221
6.0603437423706055
5.816517353057861
6.357065200805664
6.012887477874756
5.969465732574463
6.267092704772949
5.985332012176514
6.229987144470215
6.3344011306762695
6.2934770584106445
6.248191833496094
6.075242042541504
6.480774879455566
5.694769382476807
6.0881571769714355
5.990243911743164
6.4266438484191895
6.561740875244141
6.328866481781006
6.130573272705078
6.122357368469238
6.0242838859558105
6.287875652313232
5.850090503692627
5.909969806671143
5.938231945037842
6.073385715484619
6.212686061859131
5.863434791564941
5.922807216644287
6.2538909912109375
6.189892768859863
6.138254642486572
6.156061172485352
6.435421466827393
6.262658596038818
6.132079124450684
5.913810729980469
6.005215167999268
6.272791862487793
5.965156555175781
6.2305073738098145
6.729584693908691
6.258322238922119
6.485502243041992
6.178622245788574
6.225615501403809
6.433282852172852
5.847916603088379
6.167398929595947
6.351316928863525
6.1605072021484375
5.983493804931641
6.052027702331543
6.825570106506348
6.3390092849731445
6.107259273529053
7.02775239944458
6.149193286895752
5.92317533493042
5.87105655670166
6.3505353927612305
6.372920989990234
6.205958366394043
5.723649501800537
6.367107391357422
6.183526992797852
7.07174825668335
6.335669994354248
5.870826721191406
6.253117561340332
6.122352123260498
5.959580898284912
5.896488189697266
6.057400703430176
6.4940972328186035
6.399399757385254
6.063875675201416
6.0291337966918945
6.366209983825684
6.3191375732421875
6.2448601722717285
6.195635795593262
6.112764835357666
6.077902317047119
6.189955234527588
6.159632682800293
6.539096832275391
6.306891918182373
6.415033340454102
6.53585147857666
6.121887683868408
6.597379684448242
6.124103546142578
6.226861953735352
6.356464385986328
5.933974742889404
5.924666404724121
5.67861270904541
5.956184387207031
6.226877212524414
6.331563949584961
6.0722198486328125
5.976168632507324
6.165160179138184
6.071641445159912
5.766298770904541
5.92454195022583
6.304206848144531
6.031890392303467
6.175673484802246
6.1228861808776855
5.861464500427246
5.9125590324401855
6.180903434753418
6.298025131225586
6.155828475952148
6.534637451171875
6.664892673492432
5.97531270980835
6.013841152191162
5.778381824493408
6.299638748168945
6.759198188781738
6.653927803039551
5.905182838439941
5.766335964202881
5.846557140350342
6.298526763916016
6.580799579620361
6.380832195281982
6.044107437133789
5.993743896484375
5.981563091278076
6.074939250946045
6.177299499511719
6.183350563049316
5.891750812530518
5.975151062011719
5.910434722900391
5.760928153991699
6.030143737792969
6.101110458374023
6.040512561798096
6.200351238250732
5.994647979736328
5.924201965332031
6.087576866149902
6.525819301605225
6.212019443511963
6.372134208679199
5.858962059020996
6.193408489227295
6.000516891479492
6.034355163574219
6.021670818328857
6.083591938018799
6.146214008331299
5.837862968444824
6.292634963989258
6.171847343444824
5.959629058837891
6.141902446746826
6.215280055999756
6.308358192443848
6.372578144073486
6.553942680358887
6.267607688903809
6.241261005401611
5.966686248779297
6.2310357093811035
6.153852462768555
6.7092156410217285
6.270992755889893
6.095961570739746
6.124807834625244
5.969171047210693
6.000948429107666
6.378217697143555
6.6589789390563965
7.12451696395874
6.074497222900391
6.490602016448975
6.223814487457275
5.852260112762451
6.083130359649658
6.352255344390869
6.383842468261719
6.645809650421143
6.667893409729004
6.609341621398926
6.265700817108154
6.166558742523193
6.194650173187256
6.321343421936035
6.090116024017334
5.897048473358154
5.807769298553467
6.2139763832092285
6.095911026000977
5.898324966430664
6.406398296356201
5.9037017822265625
6.120668888092041
5.9958343505859375
6.22800874710083
6.407011985778809
6.0007710456848145
6.082815647125244
6.029598236083984
6.008367538452148
6.042938232421875
6.2481584548950195
6.050807952880859
6.569061279296875
6.343296051025391
6.215273380279541
6.299875736236572
5.900469779968262
5.911550998687744
6.1845011711120605
6.141683101654053
6.0854716300964355
6.122686386108398
6.018838405609131
6.296630382537842
5.766685485839844
5.557187080383301
6.315668106079102
6.161779403686523
5.978353500366211
5.798062324523926
6.278539657592773
6.0593414306640625
5.852285861968994
5.720580577850342
6.191175937652588
5.746352195739746
6.182333946228027
6.195516109466553
6.339531421661377
6.309686183929443
5.9432525634765625
5.904139518737793
5.952932834625244
5.9270920753479
6.349123477935791
5.973533630371094
6.0979413986206055
6.0540032386779785
6.676167964935303
6.472016334533691
6.112133026123047
5.756895542144775
6.0294575691223145
5.975181579589844
5.8551459312438965
6.00922155380249
6.209440231323242
6.293759822845459
6.195502281188965
5.705557346343994
6.293506145477295
5.943939685821533
6.1690826416015625
6.403158664703369
6.042102813720703
6.005728244781494
5.813070774078369
6.170902729034424
6.183279037475586
6.120054721832275
6.806155204772949
6.011560916900635
6.7220587730407715
6.094747543334961
6.1402153968811035
6.1316657066345215
5.979712963104248
6.4288225173950195
5.7610273361206055
6.015095233917236
5.820820331573486
5.978439807891846
5.794462203979492
6.139339923858643
6.467605113983154
6.41471529006958
6.389030933380127
6.375722408294678
6.477802753448486
6.021824836730957
5.670354843139648
5.930824279785156
6.12441349029541
6.34252405166626
6.141360759735107
6.083970069885254
6.711241722106934
6.441779613494873
6.447113037109375
6.392051696777344
6.314901351928711
6.103395462036133
6.2143425941467285
6.135150909423828
6.308292865753174
6.640884876251221
6.129599571228027
5.959540367126465
6.1077775955200195
6.62672233581543
6.354909896850586
6.330978870391846
6.169177532196045
6.111562252044678
6.099181652069092
5.936441898345947
6.189223766326904
6.152018070220947
6.118407726287842
6.2353105545043945
6.077603816986084
6.231257915496826
5.886310577392578
5.851943016052246
6.182490825653076
5.9230055809021
5.788601398468018
6.320672035217285
5.901467323303223
6.244438648223877
6.056821346282959
5.777429103851318
6.261693954467773
6.041746139526367
5.907567024230957
6.45542573928833
6.204044342041016
5.972217559814453
6.379854679107666
6.470625877380371
6.3204755783081055
6.149866104125977
6.263437747955322
5.969878673553467
6.194227695465088
6.404839515686035
6.180019855499268
6.597559452056885
6.226550579071045
6.0354413986206055
6.465074062347412
6.1226348876953125
6.076082229614258
6.057734489440918
6.218672275543213
6.6170783042907715
6.09118127822876
5.94553804397583
5.943921089172363
6.204075336456299
6.555774688720703
6.004276752471924
6.106832504272461
6.117063045501709
6.164372444152832
5.883620262145996
6.31300687789917
6.077564239501953
6.061495780944824
6.110569000244141
5.845602512359619
6.328609466552734
5.880634307861328
6.052700042724609
6.534636497497559
6.010381698608398
6.448496341705322
6.055683135986328
6.185974597930908
6.025972366333008
5.97989559173584
6.332290172576904
6.075260639190674
6.288465976715088
6.278776168823242
6.146852493286133
6.305382251739502
6.147875785827637
6.048948764801025
6.150146484375
6.0279974937438965
6.2185797691345215
5.810945510864258
6.106692790985107
6.36332368850708
6.0907182693481445
5.994105339050293
5.94868803024292
6.0689592361450195
5.711239337921143
6.150155544281006
6.236266136169434
5.756215572357178
6.340627193450928
5.868103504180908
5.997488021850586
6.2897162437438965
6.2904181480407715
6.486104488372803
6.282312393188477
6.2082695960998535
6.6331682205200195
5.944930553436279
6.331873893737793
6.247772216796875
6.477574825286865
6.080178737640381
6.5598039627075195
6.480713844299316
6.042816638946533
5.996481418609619
6.004668235778809
5.958334445953369
6.079342842102051
5.693462371826172
6.649365425109863
6.789209842681885
6.094299793243408
5.673708438873291
6.0271501541137695
6.038200855255127
6.212430953979492
6.247426509857178
6.060269355773926
6.169348239898682
6.228350639343262
5.875056266784668
6.569423198699951
6.207904815673828
6.483364105224609
6.217819690704346
6.592446804046631
6.218669414520264
6.268955707550049
6.222146987915039
5.986761569976807
6.281504154205322
6.108334064483643
6.078955173492432
6.160518646240234
6.524074077606201
5.781895160675049
6.141559600830078
5.87206506729126
6.080422401428223
6.230457782745361
6.229840278625488
6.077710151672363
6.0169453620910645
6.115344524383545
6.2810845375061035
5.923807144165039
6.156463623046875
6.228055953979492
6.017326354980469
6.390281677246094
6.1533308029174805
6.236828327178955
6.526214122772217
6.003486633300781
6.008893966674805
6.05836296081543
6.197065830230713
6.114435195922852
6.025770664215088
6.28473424911499
6.1601362228393555
6.0030131340026855
5.7367939949035645
6.182961940765381
6.218189239501953
5.9926605224609375
5.655457019805908
6.017484188079834
5.837491989135742
5.89166784286499
5.967775344848633
6.354701519012451
6.223064422607422
6.184760093688965
6.5656609535217285
6.358033657073975
6.2211012840271
6.141270160675049
6.059674263000488
6.280116081237793
5.936783313751221
6.151262283325195
6.0806498527526855
6.012225151062012
6.186474323272705
6.021132946014404
6.053517818450928
6.192220211029053
5.8740692138671875
6.110258102416992
5.9847588539123535
5.889772891998291
6.376039028167725
6.245194435119629
6.318687915802002
6.126687526702881
6.321872711181641
6.1038408279418945
6.173182964324951
6.116671085357666
6.017989635467529
6.350090980529785
6.438075065612793
6.31760311126709
6.741732597351074
5.796597480773926
5.7342658042907715
5.931358814239502
5.964820384979248
6.068672180175781
6.388060569763184
6.735653877258301
5.904134273529053
5.911930561065674
5.878838539123535
6.2766032218933105
6.145135402679443
6.130105972290039
6.2669677734375
6.022154808044434
6.350578308105469
6.527064800262451
6.518454551696777
6.128067493438721
6.361999034881592
6.485846042633057
6.0634565353393555
6.090673446655273
6.136864185333252
5.9790143966674805
6.598545551300049
6.296911239624023
5.964935779571533
5.875209331512451
6.11978816986084
6.249651908874512
5.941709995269775
6.640506744384766
6.321453094482422
6.260295391082764
6.000766754150391
6.094549179077148
6.552648544311523
6.013412952423096
6.183946132659912
6.621465682983398
6.190991401672363
6.25863790512085
6.279593467712402
6.714253902435303
6.591842174530029
6.320156097412109
6.363847255706787
6.13962459564209
6.326988697052002
6.025051593780518
5.865078926086426
6.203866958618164
6.046380996704102
5.977405071258545
6.094462871551514
6.1280975341796875
6.1253204345703125
6.208308219909668
5.899921894073486
6.087247371673584
6.071652412414551
6.076943397521973
5.983247756958008
5.878016471862793
6.180578231811523
6.264036178588867
5.906988143920898
6.220353126525879
6.207156181335449
5.940332412719727
6.687036991119385
5.766818523406982
6.250999450683594
6.246382236480713
6.569825172424316
6.114005088806152
6.166415691375732
6.107030391693115
5.991908550262451
5.920953273773193
6.189667701721191
6.2823100090026855
6.209356784820557
5.966757774353027
6.097753047943115
5.803460121154785
5.970687389373779
5.932476997375488
6.0304436683654785
6.083303928375244
5.890256881713867
6.202478885650635
5.937670707702637
5.996189117431641
6.104197978973389
6.255247592926025
6.365823268890381
6.177898406982422
6.06003999710083
6.0284929275512695
6.027693748474121
6.19890832901001
6.135660648345947
5.913455486297607
6.155427932739258
