WE HAVE TOKENIZER
loaded tokenizer
<sentencepiece.SentencePieceProcessor; proxy of <Swig Object of type 'sentencepiece::SentencePieceProcessor *' at 0x788a0a4bdd70> >
DONE
TINYSTORIES DATASET LOADED...
10.552546501159668
10.564847946166992
10.511978149414062
10.394871711730957
10.35167407989502
10.440746307373047
10.160632133483887
10.254512786865234
10.130834579467773
9.624593734741211
9.794715881347656
9.816216468811035
9.433189392089844
9.580635070800781
9.419821739196777
8.981222152709961
9.030919075012207
9.01352596282959
8.569231033325195
8.622961044311523
8.721447944641113
8.369638442993164
8.332317352294922
8.601037979125977
8.293182373046875
8.464459419250488
8.306940078735352
7.706136226654053
7.915929794311523
7.992866516113281
7.8158087730407715
8.225769996643066
7.994787216186523
7.861377716064453
8.147599220275879
7.45633602142334
7.356725215911865
7.167052745819092
7.3687567710876465
7.245368003845215
7.265950679779053
6.719021797180176
6.7124176025390625
6.884896278381348
6.992221832275391
6.832762718200684
6.98979377746582
7.025943756103516
6.8410139083862305
7.062604904174805
7.080256462097168
6.803994178771973
6.519866466522217
6.294509410858154
6.3855814933776855
7.098455429077148
7.422308444976807
6.725215435028076
6.311363697052002
6.649347305297852
7.0353217124938965
6.429495811462402
6.607267379760742
6.196826934814453
6.326044082641602
6.885887622833252
6.554591178894043
6.287631034851074
6.203808784484863
6.577899932861328
6.625442981719971
6.097269058227539
5.992629051208496
6.656059741973877
6.358458995819092
6.379781723022461
6.622193336486816
6.4986891746521
6.320887565612793
6.216171741485596
6.792652606964111
6.6418776512146
6.330258846282959
6.334947109222412
6.405718803405762
6.3280463218688965
6.410542011260986
6.208422660827637
6.48834753036499
6.5249199867248535
6.181585788726807
6.606052875518799
6.193572521209717
6.790039539337158
6.151678562164307
5.953641414642334
6.3121771812438965
6.522523403167725
6.5824713706970215
6.495181083679199
6.162327289581299
6.827024936676025
6.507437705993652
5.952975273132324
6.221023082733154
6.026275157928467
6.366700649261475
6.4056077003479
6.3098320960998535
6.735346794128418
6.17815637588501
6.718261241912842
6.718713760375977
7.0434160232543945
6.340706825256348
6.4720778465271
6.593453407287598
6.574061870574951
6.6162333488464355
6.940549850463867
6.652477741241455
6.550073623657227
6.9644293785095215
6.668614387512207
5.938790321350098
6.638004779815674
6.471297740936279
6.422818660736084
6.662445068359375
6.593385696411133
6.536007881164551
6.284724712371826
6.781242370605469
6.434466361999512
6.504456520080566
6.462207794189453
6.362314701080322
6.021988391876221
6.257533073425293
6.2791924476623535
6.34689474105835
6.54265832901001
6.40925407409668
6.0296502113342285
7.228875160217285
6.265882968902588
6.283914089202881
6.378843784332275
6.171182632446289
5.9848856925964355
6.015459060668945
6.56096887588501
6.330054759979248
6.1336894035339355
6.3436360359191895
6.1876654624938965
6.366683006286621
6.245563983917236
6.330392837524414
5.971683979034424
6.7508864402771
6.018662929534912
6.132791996002197
6.087975978851318
6.224613189697266
6.27316427230835
6.359915733337402
6.1710662841796875
6.391732692718506
6.634291648864746
5.931186199188232
6.164401054382324
5.9360032081604
6.212245464324951
6.657153129577637
6.309206962585449
6.806665897369385
6.412880897521973
6.851132392883301
6.274759292602539
6.229883670806885
6.033411026000977
6.100958824157715
6.071198463439941
6.330689430236816
6.7940354347229
5.882221698760986
6.06907844543457
6.5354413986206055
6.681826591491699
6.336652755737305
6.209709644317627
6.199470043182373
6.113337516784668
6.187541484832764
6.355771541595459
6.201129913330078
6.631861686706543
6.6974263191223145
6.716761112213135
6.32237434387207
6.244926452636719
6.453014850616455
5.783542156219482
5.730965614318848
5.750237941741943
5.915870189666748
6.22039270401001
6.28269100189209
6.827686786651611
6.514554500579834
6.708461761474609
5.92983865737915
6.217869281768799
6.522250652313232
5.804162979125977
5.9871697425842285
5.866783142089844
5.822840690612793
5.774188041687012
6.289327144622803
6.143172264099121
5.777928829193115
6.498492240905762
6.658295154571533
6.578566551208496
6.054224967956543
6.07903528213501
6.089942932128906
6.140889644622803
5.856217384338379
5.938872337341309
6.022858619689941
5.981921672821045
6.340196132659912
6.4812188148498535
6.537482738494873
6.239633560180664
6.653309345245361
6.060296535491943
6.511767387390137
6.478560924530029
6.109508037567139
6.745673656463623
6.330152988433838
6.210500240325928
6.400012969970703
6.680013656616211
6.127342700958252
5.841139316558838
5.989658832550049
5.975396156311035
6.456305027008057
6.2144927978515625
5.8457841873168945
6.237360000610352
6.142813682556152
6.442716121673584
6.382442474365234
6.396249771118164
5.985320091247559
6.1321635246276855
6.182177543640137
6.470353603363037
6.23276424407959
5.95797872543335
5.973058700561523
6.520406246185303
6.441856384277344
6.233738422393799
5.961660861968994
6.022032260894775
6.014890670776367
6.138129234313965
6.630250453948975
6.210745811462402
6.387569904327393
6.250835418701172
6.7239885330200195
6.40257453918457
6.100517272949219
6.317242622375488
6.246049404144287
6.14560604095459
6.2645769119262695
6.132988929748535
6.109777450561523
6.03411340713501
6.242685317993164
6.4913411140441895
6.2158942222595215
6.5957136154174805
6.294207572937012
6.155013561248779
6.084636211395264
6.196901321411133
5.739628314971924
6.222230434417725
6.435583114624023
6.376998424530029
6.569665908813477
6.173969745635986
6.199635028839111
6.0469255447387695
5.880527973175049
6.010994911193848
6.325489521026611
6.628239154815674
6.017894744873047
6.031716823577881
6.232369422912598
6.385525703430176
6.060202121734619
6.158230781555176
6.52797794342041
6.7433576583862305
6.175943851470947
6.106313705444336
6.759117603302002
6.209919452667236
5.854633808135986
6.212923526763916
6.503785133361816
6.276369571685791
5.762664318084717
6.173810958862305
6.248898506164551
6.041285514831543
5.886898994445801
6.191168785095215
6.164102077484131
5.895219802856445
6.062872886657715
6.259316444396973
6.798032760620117
5.882467746734619
6.253828048706055
6.166691780090332
6.2266459465026855
6.082521438598633
6.148681163787842
5.75673246383667
7.004186630249023
6.024728775024414
6.201328754425049
6.653197288513184
5.680694103240967
6.195850849151611
6.336002349853516
6.117900848388672
6.17461633682251
6.532120227813721
6.0610737800598145
6.714136600494385
5.782190322875977
5.913189888000488
6.288426399230957
6.32262659072876
6.124335765838623
6.493417739868164
6.492706775665283
6.26980447769165
6.381255149841309
6.13335657119751
6.040230751037598
5.750257968902588
6.137066841125488
5.997397422790527
6.404141902923584
6.430444240570068
5.833830833435059
5.857959747314453
6.459767818450928
6.352385997772217
6.308980464935303
6.248550891876221
6.085543155670166
6.389730453491211
5.883762836456299
6.055475234985352
6.841296195983887
6.330549240112305
6.323441505432129
6.595322132110596
6.292150497436523
6.194263458251953
6.015041828155518
6.185105800628662
5.772196292877197
6.64806604385376
6.8685302734375
6.697729587554932
6.464519023895264
6.572112083435059
6.200502395629883
5.996267318725586
6.6691741943359375
6.108497142791748
6.037265300750732
6.138984680175781
6.276956558227539
6.0309343338012695
6.15963077545166
5.829951763153076
6.336404800415039
5.941709518432617
6.135748386383057
6.1252007484436035
6.053333282470703
6.2676873207092285
6.194926738739014
5.936944961547852
5.523971080780029
6.007435321807861
5.946249485015869
7.211071491241455
5.874569416046143
6.301219463348389
6.217620372772217
6.0969319343566895
5.881398677825928
6.431813716888428
6.521100997924805
6.089817047119141
5.971320629119873
6.470917224884033
5.769874095916748
6.166309833526611
6.0127058029174805
6.100365161895752
6.154219627380371
6.2063889503479
6.255327224731445
6.204202175140381
6.1707258224487305
6.062711238861084
6.538265228271484
6.371134281158447
6.495734214782715
6.271213054656982
6.674290657043457
5.936587810516357
6.071461200714111
6.235196113586426
6.490045070648193
6.6276774406433105
6.440749168395996
6.539748191833496
6.121275424957275
5.933697700500488
6.303709506988525
5.984342575073242
5.884088039398193
5.857364177703857
6.564342021942139
6.378961086273193
5.876490116119385
6.151322841644287
6.0513200759887695
6.107669830322266
6.474738597869873
6.237392425537109
6.06864595413208
6.767082214355469
6.177347660064697
6.09335470199585
6.177497863769531
6.0955328941345215
5.782349586486816
6.419729709625244
5.835116386413574
5.9620585441589355
6.123898506164551
5.6903557777404785
6.136742115020752
6.096703052520752
6.333535671234131
6.21243953704834
6.243419647216797
6.000642776489258
6.377485275268555
5.902613162994385
5.93379545211792
6.2999677658081055
6.600646495819092
6.370964050292969
6.065099716186523
6.143161296844482
6.154664993286133
6.305466175079346
6.255116939544678
6.278758525848389
6.362364292144775
5.803843021392822
6.07195520401001
5.9395952224731445
5.880941867828369
5.927920818328857
5.917540073394775
5.905013561248779
6.3514180183410645
5.9197773933410645
5.865716934204102
5.961197376251221
6.090044021606445
5.895931243896484
6.283269882202148
6.272050380706787
6.309350967407227
6.0136590003967285
5.672555446624756
5.843758583068848
5.971250057220459
5.923042297363281
6.273580551147461
5.998246192932129
5.854734897613525
5.849586486816406
5.962940216064453
5.888759613037109
5.907314777374268
5.952671051025391
6.066259860992432
6.356024742126465
5.766308784484863
6.10017728805542
6.377870559692383
6.496438980102539
5.973169326782227
5.757988452911377
6.146881580352783
5.863376140594482
6.365743160247803
6.148534297943115
5.962072849273682
5.9248127937316895
5.807531833648682
5.996415615081787
6.453563213348389
6.261728763580322
6.886981964111328
6.727912902832031
6.446945667266846
6.0304059982299805
6.140697956085205
6.096127986907959
5.940418243408203
6.372191905975342
5.95437479019165
5.974956035614014
5.857823848724365
6.318490505218506
6.195358753204346
6.380710601806641
6.036802291870117
6.0976338386535645
5.9611992835998535
5.983807563781738
5.819576740264893
5.768984317779541
5.822355270385742
6.151027679443359
6.112439155578613
5.941981315612793
6.114939212799072
5.9799909591674805
6.14646053314209
6.124003887176514
6.097564220428467
6.148190021514893
6.111623287200928
6.105745792388916
6.062321186065674
6.158209800720215
6.336174964904785
6.094383716583252
5.708392143249512
5.971179962158203
6.010688304901123
5.885410308837891
6.242912292480469
6.24697208404541
5.9337077140808105
6.231982707977295
6.091671943664551
6.261962890625
6.282783508300781
6.028040409088135
6.126002788543701
6.569250106811523
5.954324722290039
6.088229656219482
6.101941108703613
6.207185745239258
5.6831583976745605
6.002979278564453
5.926858425140381
6.162360191345215
6.232210159301758
6.24587869644165
5.948215484619141
5.952735424041748
6.548470973968506
6.522335529327393
6.296340465545654
6.25732946395874
5.919519424438477
5.76820182800293
6.001882553100586
5.991467475891113
6.151291847229004
6.726759433746338
6.239228248596191
6.062928676605225
6.9994282722473145
5.932413101196289
6.143718719482422
6.135040283203125
6.194457054138184
6.233928203582764
6.286198139190674
6.2288126945495605
6.23817777633667
6.261538028717041
5.825640678405762
6.383624076843262
6.259922027587891
6.192943572998047
6.276788711547852
5.934218406677246
6.027191162109375
6.133740425109863
5.961715221405029
6.186723709106445
6.434157848358154
6.4575676918029785
6.074981689453125
6.26350736618042
6.219665050506592
6.215394496917725
6.711056709289551
6.3430328369140625
6.113809585571289
6.155962944030762
6.454028606414795
5.950896263122559
6.153445243835449
6.227255821228027
5.880331516265869
6.559652328491211
6.248310089111328
6.154397010803223
5.933367729187012
6.299381256103516
6.122759819030762
5.913873672485352
6.53148078918457
6.053590774536133
6.016537189483643
6.084516525268555
6.028030872344971
5.9655327796936035
6.456690311431885
5.794321537017822
5.928812503814697
6.130320072174072
5.922704219818115
6.367297649383545
6.397710800170898
6.249682903289795
5.915771961212158
6.070938587188721
5.993470668792725
5.676882266998291
5.74311637878418
5.905465126037598
6.442099571228027
6.606215953826904
6.934397220611572
5.909128665924072
6.278670787811279
6.286392688751221
5.96119499206543
6.576117515563965
6.000872611999512
6.426856517791748
5.883613586425781
6.254205703735352
6.446812629699707
6.286557197570801
6.364487171173096
6.534815788269043
6.363783836364746
6.190303325653076
6.240037441253662
5.904728412628174
6.645976543426514
5.990196704864502
5.975217342376709
5.970499515533447
6.046749591827393
5.796801567077637
5.9944257736206055
6.316690444946289
6.4671220779418945
5.982414722442627
6.286722660064697
6.176244258880615
6.167152404785156
5.869822025299072
6.367068767547607
6.38377571105957
5.94950008392334
6.109097957611084
6.295036792755127
6.431729793548584
6.04257869720459
6.3256611824035645
6.401071071624756
6.554081916809082
6.203383445739746
6.609774112701416
6.063405513763428
6.364413261413574
6.35146951675415
6.204758644104004
6.117464542388916
5.878280162811279
6.377896308898926
6.196835517883301
5.762441635131836
5.984828472137451
6.084715843200684
6.045255661010742
6.176084041595459
6.2457733154296875
6.045677185058594
6.253686428070068
5.9755353927612305
6.375552177429199
6.262133598327637
5.917196750640869
6.0321221351623535
6.2203755378723145
6.11978816986084
6.438839435577393
6.628281593322754
5.884551048278809
6.4438371658325195
6.068100929260254
6.098474025726318
5.8757805824279785
6.041023254394531
6.299808979034424
5.889064788818359
6.034554481506348
6.169257164001465
5.969885349273682
6.2458271980285645
6.161515235900879
6.639175891876221
6.339028835296631
5.994334697723389
5.891758918762207
5.931407928466797
6.453241348266602
6.275210380554199
6.049554824829102
5.850454330444336
5.849967002868652
6.0851898193359375
6.038332939147949
5.947600841522217
5.977285385131836
6.042943477630615
6.005156993865967
5.947552680969238
6.566994667053223
5.803503036499023
6.392855167388916
6.341055393218994
5.92012357711792
6.0274577140808105
5.736664295196533
5.936944007873535
5.541757583618164
6.194718837738037
6.671196937561035
6.477794647216797
6.167050361633301
6.350830078125
6.284486770629883
5.658746719360352
6.387816905975342
6.0256829261779785
6.32716178894043
6.726998329162598
6.907565116882324
6.026915073394775
5.822192192077637
6.217004776000977
6.0984954833984375
5.711854934692383
6.142621040344238
5.88322114944458
5.948092937469482
6.3188796043396
5.983835220336914
6.134636878967285
6.203906536102295
5.806288242340088
5.987323760986328
6.09431266784668
5.947420597076416
6.188364028930664
6.388442039489746
6.22292423248291
6.229133129119873
6.068231105804443
5.955193519592285
5.720484256744385
5.871644496917725
5.887675762176514
6.738603115081787
6.442581653594971
6.164379119873047
6.485933303833008
5.9514570236206055
6.79124641418457
6.001461029052734
6.159204006195068
6.158700466156006
6.142889976501465
6.587050914764404
6.68779993057251
6.057855129241943
6.170405864715576
6.21415376663208
6.321261882781982
5.776965618133545
5.866176128387451
6.142833709716797
6.07734489440918
6.211319446563721
6.503909111022949
5.813196182250977
5.764044761657715
6.019118309020996
6.699140548706055
6.315227031707764
6.110345840454102
5.907171249389648
6.210224628448486
6.247310638427734
6.65895938873291
6.474684715270996
6.300601005554199
6.287278175354004
6.340793609619141
6.7135443687438965
6.143701553344727
6.234796524047852
6.531694412231445
6.307770252227783
5.955423831939697
6.066973686218262
6.0982537269592285
5.911090850830078
6.335353374481201
6.221487045288086
6.462710380554199
6.588070869445801
5.952890872955322
6.1559553146362305
5.942795753479004
6.040753364562988
5.938329696655273
6.30751895904541
6.347975730895996
5.9862751960754395
5.99801778793335
6.001079082489014
6.428699493408203
6.246364593505859
6.164489269256592
5.945919513702393
5.868920803070068
6.267002582550049
6.120363235473633
5.91045618057251
6.1621994972229
6.490315914154053
6.223103046417236
6.266200065612793
5.912700176239014
6.199760437011719
6.353240489959717
6.609692096710205
6.583493232727051
6.058345794677734
6.058835983276367
6.34091854095459
6.232247352600098
5.951186180114746
6.088718414306641
6.3207573890686035
6.283005714416504
6.689437389373779
6.3894829750061035
5.923954486846924
6.014514446258545
6.61077356338501
6.395113945007324
5.908119201660156
6.070981979370117
6.1574177742004395
6.308862686157227
6.237983226776123
6.291137218475342
6.315579414367676
6.069957256317139
6.491623878479004
6.331386089324951
6.388674736022949
6.0850629806518555
6.0557780265808105
6.135927677154541
6.1336541175842285
6.392329216003418
6.336179733276367
5.913891792297363
5.964725494384766
6.212888717651367
6.850547790527344
6.459722995758057
5.995660781860352
6.248539924621582
6.165960311889648
6.340603351593018
6.680907249450684
6.022523403167725
6.126871109008789
6.059591293334961
5.769124984741211
6.037595748901367
6.206799030303955
5.989889621734619
5.929129123687744
6.05605411529541
6.114429473876953
5.838860988616943
5.9410271644592285
6.2961297035217285
6.243569374084473
5.773187637329102
6.335864067077637
5.999483585357666
6.0581135749816895
6.774315357208252
6.204942226409912
6.125546932220459
5.802427768707275
6.944351673126221
6.168622970581055
6.002089977264404
6.221041679382324
6.1398444175720215
6.548798561096191
5.995280742645264
6.124898910522461
6.231593608856201
5.946327209472656
6.172483444213867
6.206772327423096
6.588826656341553
5.9424638748168945
6.331403732299805
6.464930534362793
5.824825286865234
6.266685962677002
5.946333408355713
5.978677272796631
6.1057024002075195
5.639462947845459
5.804874420166016
6.237678050994873
6.285491943359375
6.318737030029297
6.513702392578125
6.256946563720703
6.1823201179504395
5.848091125488281
6.277609348297119
6.127392292022705
6.143183708190918
6.138735294342041
6.217809677124023
5.85295295715332
6.07576847076416
6.154956817626953
6.271172523498535
6.251204013824463
6.2989373207092285
6.314547061920166
6.467285633087158
5.825221061706543
6.082309722900391
6.212625503540039
5.925313949584961
5.737637996673584
6.362503528594971
6.124960422515869
5.884358882904053
5.848025798797607
5.934851169586182
6.293398380279541
6.1762189865112305
6.582480430603027
5.946638584136963
6.316792011260986
5.690646648406982
6.217379093170166
6.108123302459717
6.092331409454346
6.264472484588623
6.199093341827393
6.02396297454834
6.1204047203063965
6.163568496704102
6.306800365447998
6.178662300109863
6.346099853515625
6.209104061126709
6.804770469665527
5.671808242797852
5.715844631195068
6.239463806152344
6.106340408325195
6.0850019454956055
6.729340076446533
6.168483257293701
5.900774955749512
5.851765155792236
6.127854347229004
5.9510321617126465
5.985246181488037
5.887182235717773
5.7662224769592285
6.2784342765808105
5.976512908935547
5.878422260284424
5.869707107543945
5.76511287689209
5.538608551025391
5.939565181732178
6.240259647369385
5.794074535369873
6.143409252166748
6.280908584594727
5.751034259796143
6.42086124420166
5.8108978271484375
5.927675247192383
5.701888561248779
6.112661838531494
6.5191192626953125
6.060596942901611
6.059573173522949
6.0190653800964355
5.984884738922119
6.005539417266846
5.861879348754883
6.265030860900879
6.439053535461426
6.488170146942139
6.430448532104492
6.281238079071045
6.144223690032959
5.638407230377197
6.062179088592529
6.3852152824401855
5.910820007324219
6.149652481079102
6.462687969207764
5.998525142669678
6.177577972412109
6.068399429321289
6.176167964935303
6.14883279800415
6.716879367828369
6.65804386138916
6.118692874908447
6.284844875335693
6.034412384033203
6.608529567718506
6.431333065032959
6.352414608001709
6.487709999084473
6.216955661773682
6.268908500671387
6.3484344482421875
6.3228278160095215
6.319932460784912
6.132852554321289
6.263980865478516
6.047283172607422
6.151472568511963
5.865575790405273
5.796165943145752
5.96338415145874
6.247159004211426
6.419149398803711
5.780167579650879
5.783300876617432
6.109303951263428
5.893621444702148
6.078184127807617
6.186451435089111
6.544533729553223
6.215660095214844
6.067624092102051
6.138932704925537
6.1925859451293945
6.24374532699585
5.978750705718994
6.510570049285889
6.677465438842773
6.449599742889404
6.204456806182861
5.846814155578613
6.285478591918945
6.013840675354004
6.119478225708008
6.1062493324279785
6.090143203735352
5.894739627838135
6.252763271331787
6.310173988342285
6.153340816497803
6.3603997230529785
6.510731220245361
5.833099842071533
5.963330268859863
6.145681381225586
6.078592300415039
5.950928688049316
6.188034534454346
6.167250156402588
6.189333915710449
6.030250072479248
6.105269432067871
5.9812331199646
6.290541648864746
6.2222418785095215
6.138126850128174
6.427516937255859
6.097952842712402
6.036627769470215
6.056962966918945
5.930255889892578
6.163583278656006
5.9780707359313965
5.877779960632324
6.223742485046387
6.126379489898682
6.079046249389648
6.422177314758301
6.101255416870117
6.478459358215332
6.66334867477417
6.623865604400635
6.406362533569336
5.790102005004883
5.8786749839782715
5.781601905822754
6.152135372161865
6.25044059753418
5.8973822593688965
6.110825061798096
5.932387351989746
6.247792720794678
6.635684013366699
6.471118927001953
6.5688323974609375
6.054821014404297
5.5736613273620605
5.748187065124512
6.0791015625
6.064509868621826
5.879528999328613
6.26330041885376
6.236644744873047
6.176182270050049
5.932850360870361
6.632896423339844
6.056102752685547
6.266878604888916
6.083288192749023
6.034272193908691
6.317245960235596
6.063430309295654
6.2566938400268555
6.208200931549072
6.195708751678467
6.34941291809082
6.3905205726623535
6.3350043296813965
5.793450355529785
5.917910575866699
5.916731357574463
5.851278781890869
6.357618808746338
6.337926387786865
6.2503557205200195
6.240509033203125
5.821741104125977
6.3356614112854
6.198163032531738
6.282805442810059
5.893892765045166
6.0550537109375
5.905403137207031
5.839625835418701
6.640014171600342
6.38352632522583
5.975038051605225
6.317940711975098
6.378767967224121
6.36032772064209
6.65645170211792
6.206725597381592
5.801672458648682
5.962920665740967
6.401431083679199
6.100131988525391
6.411389350891113
6.171587944030762
6.230501174926758
6.2454752922058105
6.407679080963135
6.098926544189453
6.09293794631958
5.826955318450928
5.884496688842773
6.4050517082214355
6.162514686584473
6.179406642913818
6.196908950805664
5.9975810050964355
5.887181758880615
5.9275336265563965
5.966673851013184
6.005847930908203
5.916684150695801
5.765380859375
5.858764171600342
5.92534065246582
6.410064697265625
6.201469421386719
6.550595760345459
6.255232334136963
6.214749336242676
6.189942359924316
6.279300212860107
6.2846574783325195
6.311553955078125
6.315657615661621
6.1835126876831055
6.40879487991333
5.726256370544434
6.036379337310791
6.191904067993164
6.616856098175049
6.472596168518066
6.138057708740234
6.096441268920898
6.159059047698975
6.124463081359863
6.363653182983398
6.11522102355957
5.9124436378479
6.364887714385986
5.9033522605896
5.935732364654541
5.713228702545166
5.80773401260376
6.1774983406066895
5.870701789855957
6.134153366088867
6.228398323059082
6.837077617645264
6.255986213684082
6.14821720123291
5.900758266448975
6.541252613067627
6.537729263305664
6.060680866241455
5.961853981018066
5.998973846435547
6.1480841636657715
6.135749340057373
6.205428600311279
6.187854290008545
6.0751447677612305
6.006092071533203
6.47081995010376
6.103521347045898
6.375977993011475
6.396547794342041
5.889232158660889
5.998897552490234
6.028784275054932
6.4283294677734375
6.184713363647461
5.8111724853515625
5.910728931427002
6.433558464050293
6.2008514404296875
6.431208610534668
6.359086036682129
6.154860496520996
6.0293192863464355
6.312728404998779
6.228625774383545
5.848546028137207
5.8918070793151855
6.230797290802002
6.377285003662109
6.112109184265137
6.25422477722168
6.224366188049316
5.896766662597656
6.049822807312012
5.837064743041992
5.988637447357178
6.245525360107422
6.193920135498047
5.935052871704102
6.089025497436523
5.886475086212158
5.953376293182373
5.968038558959961
6.138609409332275
6.249197006225586
6.2722086906433105
6.416861057281494
6.5437188148498535
5.877420425415039
6.2805891036987305
6.505323886871338
6.424365520477295
5.883070468902588
5.822307109832764
5.818763256072998
6.103566646575928
6.0022711753845215
5.842336654663086
5.850709438323975
6.448919296264648
6.587327003479004
6.117204666137695
6.284147262573242
6.1792683601379395
6.250924587249756
5.9880805015563965
6.045948028564453
5.7599334716796875
5.866400241851807
6.583711624145508
6.77272367477417
6.385962963104248
6.590909004211426
6.260834217071533
6.290175437927246
6.190213203430176
5.7518839836120605
5.714884281158447
6.050213813781738
6.061367988586426
5.940232276916504
6.26406717300415
6.21709680557251
6.012160778045654
6.114842891693115
6.001768589019775
6.169762134552002
6.047124862670898
6.385785102844238
5.928450107574463
5.930081367492676
6.32204008102417
6.177610397338867
6.813327312469482
6.436751842498779
6.104584217071533
5.9510931968688965
6.120319366455078
5.949465751647949
6.2225213050842285
6.415293216705322
6.339584827423096
6.3109612464904785
6.222222328186035
5.891925811767578
6.069236755371094
5.980039119720459
6.266726016998291
6.317962169647217
6.200529098510742
6.248254776000977
6.411952018737793
6.192273139953613
5.785359859466553
6.096704959869385
6.297974109649658
6.1211066246032715
6.198709011077881
5.844938278198242
6.144012451171875
6.429125785827637
6.203680515289307
6.153749465942383
5.973933696746826
6.092958450317383
6.090632915496826
5.847172260284424
5.964277267456055
6.4828314781188965
6.536410808563232
5.7562055587768555
5.949832916259766
6.077209949493408
6.011512279510498
6.316943168640137
6.087497234344482
5.756204128265381
6.1512017250061035
5.998250484466553
6.1329665184021
6.41972017288208
6.036317825317383
6.0991411209106445
6.149528503417969
5.754877090454102
5.76179313659668
6.001871109008789
6.184880256652832
6.4569268226623535
6.3750529289245605
6.0904436111450195
5.8982391357421875
6.210148811340332
5.687564849853516
6.02324914932251
5.645693302154541
5.772292137145996
6.119937896728516
6.237946510314941
6.170123100280762
6.486474514007568
6.2622809410095215
5.604963779449463
5.919210433959961
5.759699821472168
5.955021381378174
5.754903316497803
5.976717948913574
6.082127571105957
5.993829250335693
6.128207206726074
6.007638931274414
6.124137878417969
6.668093204498291
6.226199626922607
6.288883686065674
6.2564616203308105
6.085145473480225
6.039425373077393
6.3157525062561035
6.418179035186768
6.280785083770752
6.482755661010742
6.157930850982666
6.615124702453613
5.76413106918335
6.2776079177856445
6.088616371154785
6.079336643218994
6.2037529945373535
6.126387596130371
6.235065937042236
6.313900470733643
6.077508449554443
5.928586959838867
6.248257160186768
5.900315284729004
6.147128105163574
5.873935699462891
6.246635913848877
6.352334022521973
5.716047286987305
5.748826026916504
6.393972396850586
6.053145885467529
6.043645858764648
5.90980863571167
6.228363513946533
6.409037113189697
6.332374095916748
5.652975082397461
5.762153625488281
6.427689075469971
6.090584754943848
6.482048034667969
5.775266170501709
6.059985160827637
5.916127681732178
5.815025806427002
6.2129292488098145
6.806151866912842
6.505125045776367
5.956954002380371
5.545721530914307
6.084096908569336
5.856835842132568
5.807833671569824
5.863278865814209
6.064175128936768
6.311514377593994
6.202739238739014
6.117386817932129
5.913270473480225
6.330254077911377
6.078986644744873
6.1304030418396
6.263185501098633
6.060385704040527
5.9369730949401855
5.782683372497559
5.8344244956970215
5.891976356506348
6.187011241912842
6.164909839630127
6.143298149108887
6.177572727203369
5.9641523361206055
5.701261520385742
6.104077339172363
5.749370098114014
5.6808366775512695
5.8999104499816895
6.304766654968262
6.552393436431885
6.089663028717041
6.2361860275268555
5.8356804847717285
6.024927616119385
5.818429470062256
5.853934288024902
5.905933856964111
5.745221138000488
5.822787761688232
5.761977195739746
6.356420993804932
6.015115261077881
5.977954387664795
6.302744388580322
6.3118815422058105
6.298313140869141
6.919273853302002
5.8856072425842285
5.869171619415283
6.54357385635376
6.025750637054443
6.1571807861328125
6.07578182220459
6.05366849899292
6.220860958099365
6.050658226013184
6.205446243286133
6.858243942260742
5.938711166381836
6.149239540100098
6.562187671661377
6.146984577178955
5.965133190155029
6.050266265869141
6.615909576416016
6.35255241394043
5.806009292602539
5.849286079406738
6.0894293785095215
5.729875564575195
5.9096550941467285
6.026317119598389
6.220452308654785
6.597489833831787
6.1909074783325195
5.946427345275879
5.965491771697998
6.289221286773682
6.571852684020996
6.209078311920166
6.297293186187744
6.148637294769287
6.56427526473999
6.637984275817871
6.773812770843506
5.955048561096191
6.370108127593994
6.093633651733398
6.117244720458984
6.008536338806152
6.359433174133301
5.9886474609375
6.08978796005249
6.042140960693359
6.041320323944092
6.4974775314331055
6.0564751625061035
6.06796932220459
6.19362211227417
6.417415142059326
6.150717735290527
5.759583473205566
6.140841007232666
6.460852146148682
5.734066486358643
6.332949638366699
6.086277484893799
5.948899745941162
6.108387470245361
6.284180164337158
6.043793678283691
6.521493434906006
6.0825276374816895
5.948410511016846
6.113777160644531
6.2734599113464355
5.927419185638428
6.256204605102539
6.062329292297363
6.249244213104248
6.354037761688232
6.006689071655273
6.102385520935059
6.000441074371338
6.351229667663574
6.326039791107178
6.115454196929932
6.277527332305908
6.534634590148926
5.957189083099365
6.12948751449585
6.337843418121338
6.40271520614624
5.921982765197754
5.90058708190918
5.861506462097168
6.499592304229736
6.339809417724609
6.063344955444336
5.823505401611328
5.9441423416137695
5.999536991119385
5.901946067810059
6.2355852127075195
6.003984451293945
6.163284778594971
5.97181510925293
6.112730026245117
6.1782073974609375
5.8894572257995605
6.369105815887451
6.239617347717285
6.148100852966309
6.232198238372803
6.216901779174805
5.986264228820801
6.108116149902344
6.017971038818359
6.320234775543213
6.14121675491333
5.79721212387085
6.370818614959717
6.3552751541137695
6.3419060707092285
6.325799465179443
6.381943702697754
6.113832950592041
6.1888813972473145
6.017002582550049
5.749812602996826
6.152747631072998
6.274632453918457
5.8913044929504395
6.363822937011719
6.4222731590271
6.471775054931641
6.392055511474609
5.877917766571045
5.765614986419678
5.756200313568115
6.286169052124023
6.448451042175293
6.422321796417236
6.3623738288879395
6.96394681930542
6.7192912101745605
6.36712121963501
5.951037406921387
5.884510040283203
5.900537490844727
6.189932823181152
7.070347785949707
6.429648399353027
6.062912464141846
5.8538641929626465
6.029732704162598
5.870217800140381
6.209033966064453
5.8965983390808105
6.1493377685546875
7.0715413093566895
5.9061431884765625
6.0876078605651855
6.13766622543335
5.959210395812988
5.998785495758057
5.988198757171631
6.2551679611206055
6.196119785308838
6.176815032958984
5.8831562995910645
5.7804341316223145
6.205291271209717
6.089356422424316
6.3055524826049805
6.681471347808838
6.935506343841553
6.23983097076416
6.586055755615234
6.057485103607178
5.9470953941345215
6.504304885864258
6.481371879577637
6.035680770874023
6.363955974578857
5.745858192443848
5.838228702545166
6.088224411010742
6.053762435913086
6.238758087158203
5.887322902679443
6.4207234382629395
6.600085258483887
6.0704264640808105
6.557820796966553
6.326186656951904
6.253886699676514
5.808745861053467
6.240811824798584
6.881522178649902
5.737622261047363
5.891713619232178
5.933690547943115
5.815674304962158
5.944711208343506
5.988711833953857
6.003579616546631
6.054475784301758
6.329080581665039
6.765930652618408
5.997415542602539
5.910767555236816
6.099871635437012
5.971347332000732
5.85399866104126
5.785855293273926
6.071661949157715
6.537813663482666
6.250097751617432
6.066985607147217
5.867845058441162
6.278713703155518
6.610799312591553
6.153487205505371
5.996821403503418
5.97865104675293
6.370543003082275
5.854619979858398
6.3465657234191895
6.4646782875061035
6.134434700012207
5.918623924255371
6.264667510986328
5.788639068603516
6.306667327880859
6.316491603851318
6.120291709899902
5.991794109344482
6.377313613891602
6.411312580108643
5.779921531677246
5.894128799438477
6.7636799812316895
6.165742874145508
5.8724188804626465
6.204041481018066
6.4899001121521
6.077786445617676
6.09486198425293
6.041051387786865
5.932539463043213
5.998055458068848
6.669717788696289
5.927027702331543
6.188370704650879
6.174996852874756
6.687344074249268
6.896451473236084
6.2948713302612305
6.049857139587402
6.240975856781006
6.178845405578613
6.391322612762451
6.053399562835693
6.1355414390563965
6.522995471954346
6.351487159729004
6.494321823120117
6.2283616065979
6.121908664703369
5.911871910095215
5.624989986419678
6.0199503898620605
6.604984283447266
6.0374369621276855
6.0415544509887695
6.0081377029418945
6.077920436859131
6.332118988037109
6.371603965759277
6.306035995483398
6.331530570983887
6.0957417488098145
5.932715892791748
6.0147786140441895
6.229281425476074
6.298946857452393
6.284450531005859
6.577821731567383
6.401329040527344
6.4428815841674805
6.41037654876709
6.360098838806152
6.509845733642578
